# Created by Octave 4.2.2, Wed May 13 20:08:12 2020 EDT <abhishek@parampadma>
# name: fits
# type: matrix
# rows: 6
# columns: 4
 0.02008151349961565 0.01866774736187825 0.01728521084067387 0.01594198027224356
 0.003265756479910221 0.00303540348598587 0.002810121328871571 0.002591230606075714
 0.01200882413515471 0.01118132823364329 0.0103694306919224 0.009578074026603517
 0.002342283989872399 0.002179091319104241 0.002019436719265789 0.001864236327487542
 0.01281528014238061 0.01191178341966927 0.01102816958350683 0.0101696237171474
 0.001593534460893111 0.001474977741062218 0.001360005213381444 0.001249198557774071


