# Created by Octave 4.2.2, Thu May 28 16:51:15 2020 EDT <abhishek@parampadma>
# name: Dcl
# type: matrix
# rows: 6
# columns: 4
 168 134 114 102
 140 120 106 97
 158 129 112 100
 126 112 101 94
 127 112 101 93
 181 142 119 105


# name: Pcl
# type: matrix
# rows: 6
# columns: 4
 300435.5787776284 314778.4413305349 315288.5825706376 311101.566434863
 47041.6537349149 46679.43753759918 45388.35700141537 43677.10205419865
 307687.7591147729 316620.7438041775 314001.0878939112 307136.9740629497
 251093.3174145969 241932.4182785803 232006.3022281262 221293.0569342412
 110352.9929753382 107724.8371289988 103444.0379229835 98883.36465857422
 20279438.90894992 21391711.77109509 21566370.55114275 21215147.93719183


# name: Phl
# type: matrix
# rows: 6
# columns: 4
 113526.5827491124 114376.1643784383 110529.152840506 104430.6438317571
 16982.05758386198 16173.5673051427 15189.33635523511 14097.18790378187
 114071.2346415871 112248.1109058151 106862.0542514932 100500.280393418
 85794.61630089517 79888.12680322328 73789.80589627923 68592.84764381417
 38741.4625189105 36322.50327799376 33564.51103127256 31037.55223403333
 7126521.241505317 7239374.045996595 7031778.573552165 6649479.950050414


# name: Pil
# type: matrix
# rows: 6
# columns: 4
 6107.425602321429 6189.030677414827 6015.317003719385 5730.71988220005
 923.8883582484377 888.787706462133 838.855322533951 789.3227120375632
 5867.980908582298 5789.442443296979 5542.367179197059 5202.824203192115
 4646.017032165484 4385.783444932742 4112.435564311581 3815.473438087829
 2129.014684280453 2012.922029282259 1891.587575078594 1774.328494244108
 376072.1827533696 384128.5680440145 374545.4941029926 358666.9398152982


# name: Pdl
# type: matrix
# rows: 6
# columns: 4
 2667.184590360906 2684.268197979458 2588.668078960909 2443.192599820468
 397.7648951446499 379.640376723255 355.4078169639361 329.850912018057
 2681.03683408763 2639.22571599856 2514.21294401362 2349.520116724452
 2011.061557687004 1884.759571182163 1745.66733046202 1601.962034382072
 906.2885029446625 850.8205318950058 792.6045744752337 733.2163993423746
 167136.3388600685 170037.1598540414 164708.7671446912 156343.6268476248


# name: Dclr
# type: matrix
# rows: 6
# columns: 4
 28 14 9 6
 88 50 32 22
 47 25 16 11
 117 69 46 32
 97 56 37 26
 23 12 8 5


# name: Pclr
# type: matrix
# rows: 6
# columns: 4
 126782.4733609243 128252.0526053646 123817.857874678 116504.6789752764
 72564.56300029188 71051.26680926744 67158.015886332 62595.48545175555
 231587.0908756738 231458.3358397507 220706.9485034578 205795.4796536611
 600289.6711453134 578085.5887628885 543162.9831641981 503739.997658444
 233123.5503916698 225425.2000930976 212181.7167525487 196799.5463410271
 6021139.508458577 6105327.415448062 5849526.002140477 5509857.458472222


# name: Phlr
# type: matrix
# rows: 6
# columns: 4
 49118.09741650644 47670.55717156397 44008.08266118867 39614.79253446264
 27352.42315503761 25655.36118088927 23272.08270949669 20867.1650741538
 88367.794958454 84584.98429176642 77317.06447195745 69106.83814330935
 218316.6770532806 201961.3000682976 182265.7542315932 162480.0677450009
 86563.70679234498 80353.65038464026 72642.23636447993 64923.07147914797
 2151943.961741744 2101272.243432906 1940359.158103406 1747853.691961415


# name: Pilr
# type: matrix
# rows: 6
# columns: 4
 2663.937058602485 2601.178626982077 2415.807794122149 2208.610319059779
 1489.404657540176 1409.522015757528 1292.657117655985 1172.345119518905
 4569.798732702233 4382.637510781426 4014.654532333057 3620.865763765825
 11722.02307267968 10919.05215453109 9935.133355959242 8974.738190706434
 4723.230580149735 4426.212037412996 4042.840495937817 3656.44345289288
 114511.0083705026 112368.2610742956 105102.1560830746 95294.82177444641


# name: Pdlr
# type: matrix
# rows: 6
# columns: 4
 1150.659054413089 1120.699474442663 1031.317221165809 931.4150442277023
 641.8439595760829 602.4976306256431 547.0765585074478 488.9986066482961
 2073.914395613392 1983.70676546311 1812.116552047548 1625.426076508564
 5121.559829922277 4732.25887236069 4267.984730445751 3815.920892506198
 2031.21108587362 1884.672160188158 1701.003839797042 1518.034639038233
 50557.6450864654 49358.97654336132 45492.48496100679 41044.78135609254


