# Created by Octave 4.2.2, Sat Apr 25 20:47:41 2020 EDT <abhishek@parampadma>
# name: Dl
# type: matrix
# rows: 6
# columns: 4
 0 61 31 17
 114 150 91 60
 0 87 47 29
 165 182 112 78
 149 171 105 71
 0 51 25 14


# name: Pl
# type: matrix
# rows: 6
# columns: 4
 106321.7610208471 1005.246364269115 847.5835005822591 750.7084539860953
 21405.0375790736 1852.768598607989 1602.727821658569 1424.19761145988
 132711.2034259179 1494.635240207135 1243.18582677911 967.1133070094511
 123018.632737744 21479.65319931431 18668.64991366467 16523.86937092873
 52538.95076900192 7287.542030229321 6374.148540183232 5568.577338222123
 6196011.433583674 77214.738249138 57181.44490163028 43240.80182923377


# name: Cs
# type: matrix
# rows: 6
# columns: 4
 8094.132183670597 6447.732242103223 5008.644385918664 4500.8613769775
 6799.099057823119 6102.673334937075 5493.473237174777 5277.077158695606
 7790.846871306714 6572.348754826522 5481.417240236376 5105.759800233749
 67460.59876948934 62752.59657824885 58341.2002996242 56805.33020078886
 23849.40416259714 21932.75708154667 20254.89717748818 19654.97577149039
 850240.5508439465 650960.290425045 478145.1502430757 419227.4625444695


# name: Ds
# type: matrix
# rows: 6
# columns: 4
 306.0372784735609 263.4595234751021 195.6492550811749 173.9983699661561
 243.5435963545401 225.5291796603987 196.8530367707652 187.6539216109707
 279.6490940574862 248.6399967334071 198.9139587640487 183.6250428475323
 2346.278488936824 2227.226899038815 2025.10105435911 1961.403652275886
 843.9644696797247 794.376743065201 715.4810546624639 690.0553329978204
 30430.26369364245 25380.05844784949 17596.87746268056 15274.33437255596


